0.0001
1866.6
0.0002
1840
0.0003
1813.3
0.0004
1786.6
0.0005
1759.9
0.0006
1733.2
0.0007
1706.6
0.0008
1680
0.0009
1653.5
0.001
1627.2
0.0011
1601
0.0012
1575
0.0013
1549.1
0.0014
1523.5
0.0015
1498.1
0.0016
1472.9
0.0017
1448
0.0018
1423.3
0.0019
1399
0.002
1374.9
0.0021
1351.2
0.0022
1327.7
0.0023
1304.6
0.0024
1281.8
0.0025
1259.4
0.0026
1237.3
0.0027
1215.6
0.0028
1194.2
0.0029
1173.1
0.003
1152.5
0.0031
1132.1
0.0032
1112.2
0.0033
1092.6
0.0034
1073.3
0.0035
1054.4
0.0036
1035.9
0.0037
1017.7
0.0038
999.9
0.0039
982.4
0.004
965.2
0.0041
948.4
0.0042
931.9
0.0043
915.8
0.0044
899.9
0.0045
884.4
0.0046
869.2
0.0047
854.3
0.0048
839.7
0.0049
825.4
0.005
811.4
0.0051
797.6
0.0052
784.2
0.0053
771
0.0054
758.1
0.0055
745.5
0.0056
733.1
0.0057
721
0.0058
709.1
0.0059
697.5
0.006
686.1
0.0061
674.9
0.0062
664
0.0063
653.2
0.0064
642.7
0.0065
632.4
0.0066
622.4
0.0067
612.5
0.0068
602.8
0.0069
593.3
0.007
584
0.0071
574.9
0.0072
565.9
0.0073
557.2
0.0074
548.6
0.0075
540.2
0.0076
531.9
0.0077
523.8
0.0078
515.9
0.0079
508.1
0.008
500.4
0.0081
492.9
0.0082
485.6
0.0083
478.4
0.0084
471.3
0.0085
464.4
0.0086
457.6
0.0087
450.9
0.0088
444.3
0.0089
437.9
0.009
431.6
0.0091
425.4
0.0092
419.3
0.0093
413.3
0.0094
407.4
0.0095
401.7
0.0096
396
0.0097
390.5
0.0098
385
0.0099
379.7
0.01
374.4
0.0101
369.2
0.0102
364.1
0.0103
359.1
0.0104
354.2
0.0105
349.4
0.0106
344.7
0.0107
340
0.0108
335.5
0.0109
331
0.011
326.6
0.0111
322.2
0.0112
317.9
0.0113
313.7
0.0114
309.6
0.0115
305.6
0.0116
301.6
0.0117
297.7
0.0118
293.8
0.0119
290
0.012
286.3
0.0121
282.6
0.0122
279
0.0123
275.4
0.0124
271.9
0.0125
268.5
0.0126
265.1
0.0127
261.8
0.0128
258.5
0.0129
255.3
0.013
252.1
0.0131
249
0.0132
245.9
0.0133
242.9
0.0134
239.9
0.0135
237
0.0136
234.1
0.0137
231.3
0.0138
228.5
0.0139
225.7
0.014
223
0.0141
220.3
0.0142
217.7
0.0143
215.1
0.0144
212.6
0.0145
210.1
0.0146
207.6
0.0147
205.1
0.0148
202.7
0.0149
200.4
0.015
198.1
0.0151
195.8
0.0152
193.5
0.0153
191.3
0.0154
189.1
0.0155
186.9
0.0156
184.8
0.0157
182.7
0.0158
180.6
0.0159
178.6
0.016
176.6
0.0161
174.6
0.0162
172.6
0.0163
170.7
0.0164
168.8
0.0165
166.9
0.0166
165.1
0.0167
163.3
0.0168
161.5
0.0169
159.7
0.017
157.9
0.0171
156.2
0.0172
154.5
0.0173
152.9
0.0174
151.2
0.0175
149.6
0.0176
148
0.0177
146.4
0.0178
144.8
0.0179
143.3
0.018
141.8
0.0181
140.3
0.0182
138.8
0.0183
137.3
0.0184
135.9
0.0185
134.5
0.0186
133.1
0.0187
131.7
0.0188
130.3
0.0189
129
0.019
127.7
0.0191
126.4
0.0192
125.1
0.0193
123.8
0.0194
122.5
0.0195
121.3
0.0196
120.1
0.0197
118.9
0.0198
117.7
0.0199
116.5
0.02
115.3
0.0201
114.2
0.0202
113
0.0203
111.9
0.0204
110.8
0.0205
109.7
0.0206
108.6
0.0207
107.6
0.0208
106.5
0.0209
105.5
0.021
104.4
0.0211
103.4
0.0212
102.4
0.0213
101.4
0.0214
100.5
0.0215
99.5
0.0216
98.6
0.0217
97.6
0.0218
96.7
0.0219
95.8
0.022
94.9
0.0221
94
0.0222
93.1
0.0223
92.2
0.0224
91.3
0.0225
90.5
0.0226
89.7
0.0227
88.8
0.0228
88
0.0229
87.2
0.023
86.4
0.0231
85.6
0.0232
84.8
0.0233
84
0.0234
83.3
0.0235
82.5
0.0236
81.8
0.0237
81
0.0238
80.3
0.0239
79.6
0.024
78.9
0.0241
78.1
0.0242
77.5
0.0243
76.8
0.0244
76.1
0.0245
75.4
0.0246
74.7
0.0247
74.1
0.0248
73.4
0.0249
72.8
0.025
72.2
0.0251
71.5
0.0252
70.9
0.0253
70.3
0.0254
69.7
0.0255
69.1
0.0256
68.5
0.0257
67.9
0.0258
67.3
0.0259
66.7
0.026
66.2
0.0261
65.6
0.0262
65.1
0.0263
64.5
0.0264
64
0.0265
63.4
0.0266
62.9
0.0267
62.4
0.0268
61.8
0.0269
61.3
0.027
60.8
0.0271
60.3
0.0272
59.8
0.0273
59.3
0.0274
58.8
0.0275
58.3
0.0276
57.9
0.0277
57.4
0.0278
56.9
0.0279
56.5
0.028
56
0.0281
55.6
0.0282
55.1
0.0283
54.7
0.0284
54.2
0.0285
53.8
0.0286
53.4
0.0287
52.9
0.0288
52.5
0.0289
52.1
0.029
51.7
0.0291
51.3
0.0292
50.9
0.0293
50.5
0.0294
50.1
0.0295
49.7
0.0296
49.3
0.0297
48.9
0.0298
48.5
0.0299
48.2
0.03
47.8
0.0301
47.4
0.0302
47
0.0303
46.7
0.0304
46.3
0.0305
46
0.0306
45.6
0.0307
45.3
0.0308
44.9
0.0309
44.6
0.031
44.3
0.0311
43.9
0.0312
43.6
0.0313
43.3
0.0314
42.9
0.0315
42.6
0.0316
42.3
0.0317
42
0.0318
41.7
0.0319
41.4
0.032
41.1
0.0321
40.8
0.0322
40.5
0.0323
40.2
0.0324
39.9
0.0325
39.6
0.0326
39.3
0.0327
39
0.0328
38.7
0.0329
38.4
0.033
38.2
0.0331
37.9
0.0332
37.6
0.0333
37.3
0.0334
37.1
0.0335
36.8
0.0336
36.5
0.0337
36.3
0.0338
36
0.0339
35.8
0.034
35.5
0.0341
35.3
0.0342
35
0.0343
34.8
0.0344
34.5
0.0345
34.3
0.0346
34.1
0.0347
33.8
0.0348
33.6
0.0349
33.3
0.035
33.1
0.0351
32.9
0.0352
32.7
0.0353
32.4
0.0354
32.2
0.0355
32
0.0356
31.8
0.0357
31.6
0.0358
31.3
0.0359
31.1
0.036
30.9
0.0361
30.7
0.0362
30.5
0.0363
30.3
0.0364
30.1
0.0365
29.9
0.0366
29.7
0.0367
29.5
0.0368
29.3
0.0369
29.1
0.037
28.9
0.0371
28.7
0.0372
28.5
0.0373
28.3
0.0374
28.2
0.0375
28
0.0376
27.8
0.0377
27.6
0.0378
27.4
0.0379
27.2
0.038
27.1
0.0381
26.9
0.0382
26.7
0.0383
26.5
0.0384
26.4
0.0385
26.2
0.0386
26
0.0387
25.9
0.0388
25.7
0.0389
25.5
0.039
25.4
0.0391
25.2
0.0392
25.1
0.0393
24.9
0.0394
24.7
0.0395
24.6
0.0396
24.4
0.0397
24.3
0.0398
24.1
0.0399
24
0.04
23.8
0.0401
23.7
0.0402
23.5
0.0403
23.4
0.0404
23.2
0.0405
23.1
0.0406
23
0.0407
22.8
0.0408
22.7
0.0409
22.5
0.041
22.4
0.0411
22.3
0.0412
22.1
0.0413
22
0.0414
21.9
0.0415
21.7
0.0416
21.6
0.0417
21.5
0.0418
21.3
0.0419
21.2
0.042
21.1
0.0421
20.9
0.0422
20.8
0.0423
20.7
0.0424
20.6
0.0425
20.4
0.0426
20.3
0.0427
20.2
0.0428
20.1
0.0429
20
0.043
19.8
0.0431
19.7
0.0432
19.6
0.0433
19.5
0.0434
19.4
0.0435
19.3
0.0436
19.2
0.0437
19
0.0438
18.9
0.0439
18.8
0.044
18.7
0.0441
18.6
0.0442
18.5
0.0443
18.4
0.0444
18.3
0.0445
18.2
0.0446
18.1
0.0447
18
0.0448
17.9
0.0449
17.8
0.045
17.7
0.0451
17.6
0.0452
17.5
0.0453
17.4
0.0454
17.3
0.0455
17.2
0.0456
17.1
0.0457
17
0.0458
16.9
0.0459
16.8
0.046
16.7
0.0461
16.6
0.0462
16.5
0.0463
16.4
0.0464
16.3
0.0465
16.2
0.0466
16.2
0.0467
16.1
0.0468
16
0.0469
15.9
0.047
15.8
0.0471
15.7
0.0472
15.6
0.0473
15.5
0.0474
15.5
0.0475
15.4
0.0476
15.3
0.0477
15.2
0.0478
15.1
0.0479
15
0.048
15
0.0481
14.9
0.0482
14.8
0.0483
14.7
0.0484
14.6
0.0485
14.6
0.0486
14.5
0.0487
14.4
0.0488
14.3
0.0489
14.3
0.049
14.2
0.0491
14.1
0.0492
14
0.0493
14
0.0494
13.9
0.0495
13.8
0.0496
13.7
0.0497
13.7
0.0498
13.6
0.0499
13.5
0.05
13.5
0.0501
13.4
0.0502
13.3
0.0503
13.2
0.0504
13.2
0.0505
13.1
0.0506
13
0.0507
13
0.0508
12.9
0.0509
12.8
0.051
12.8
0.0511
12.7
0.0512
12.6
0.0513
12.6
0.0514
12.5
0.0515
12.5
0.0516
12.4
0.0517
12.3
0.0518
12.3
0.0519
12.2
0.052
12.1
0.0521
12.1
0.0522
12
0.0523
12
0.0524
11.9
0.0525
11.8
0.0526
11.8
0.0527
11.7
0.0528
11.7
0.0529
11.6
0.053
11.5
0.0531
11.5
0.0532
11.4
0.0533
11.4
0.0534
11.3
0.0535
11.3
0.0536
11.2
0.0537
11.2
0.0538
11.1
0.0539
11
0.054
11
0.0541
10.9
0.0542
10.9
0.0543
10.8
0.0544
10.8
0.0545
10.7
0.0546
10.7
0.0547
10.6
0.0548
10.6
0.0549
10.5
0.055
10.5
0.0551
10.4
0.0552
10.4
0.0553
10.3
0.0554
10.3
0.0555
10.2
0.0556
10.2
0.0557
10.1
0.0558
10.1
0.0559
10
0.056
10
0.0561
9.9
0.0562
9.9
0.0563
9.8
0.0564
9.8
0.0565
9.7
0.0566
9.7
0.0567
9.7
0.0568
9.6
0.0569
9.6
0.057
9.5
0.0571
9.5
0.0572
9.4
0.0573
9.4
0.0574
9.3
0.0575
9.3
0.0576
9.3
0.0577
9.2
0.0578
9.2
0.0579
9.1
0.058
9.1
0.0581
9
0.0582
9
0.0583
9
0.0584
8.9
0.0585
8.9
0.0586
8.8
0.0587
8.8
0.0588
8.8
0.0589
8.7
0.059
8.7
0.0591
8.6
0.0592
8.6
0.0593
8.6
0.0594
8.5
0.0595
8.5
0.0596
8.4
0.0597
8.4
0.0598
8.4
0.0599
8.3
0.06
8.3
0.0601
8.3
0.0602
8.2
0.0603
8.2
0.0604
8.2
0.0605
8.1
0.0606
8.1
0.0607
8
0.0608
8
0.0609
8
0.061
7.9
0.0611
7.9
0.0612
7.9
0.0613
7.8
0.0614
7.8
0.0615
7.8
0.0616
7.7
0.0617
7.7
0.0618
7.7
0.0619
7.6
0.062
7.6
0.0621
7.6
0.0622
7.5
0.0623
7.5
0.0624
7.5
0.0625
7.4
0.0626
7.4
0.0627
7.4
0.0628
7.3
0.0629
7.3
0.063
7.3
0.0631
7.2
0.0632
7.2
0.0633
7.2
0.0634
7.2
0.0635
7.1
0.0636
7.1
0.0637
7.1
0.0638
7
0.0639
7
0.064
7
0.0641
6.9
0.0642
6.9
0.0643
6.9
0.0644
6.9
0.0645
6.8
0.0646
6.8
0.0647
6.8
0.0648
6.7
0.0649
6.7
0.065
6.7
0.0651
6.7
0.0652
6.6
0.0653
6.6
0.0654
6.6
0.0655
6.5
0.0656
6.5
0.0657
6.5
0.0658
6.5
0.0659
6.4
0.066
6.4
0.0661
6.4
0.0662
6.4
0.0663
6.3
0.0664
6.3
0.0665
6.3
0.0666
6.3
0.0667
6.2
0.0668
6.2
0.0669
6.2
0.067
6.2
0.0671
6.1
0.0672
6.1
0.0673
6.1
0.0674
6.1
0.0675
6
0.0676
6
0.0677
6
0.0678
6
0.0679
5.9
0.068
5.9
0.0681
5.9
0.0682
5.9
0.0683
5.8
0.0684
5.8
0.0685
5.8
0.0686
5.8
0.0687
5.8
0.0688
5.7
0.0689
5.7
0.069
5.7
0.0691
5.7
0.0692
5.6
0.0693
5.6
0.0694
5.6
0.0695
5.6
0.0696
5.6
0.0697
5.5
0.0698
5.5
0.0699
5.5
0.07
5.5
0.0701
5.4
0.0702
5.4
0.0703
5.4
0.0704
5.4
0.0705
5.4
0.0706
5.3
0.0707
5.3
0.0708
5.3
0.0709
5.3
0.071
5.3
0.0711
5.2
0.0712
5.2
0.0713
5.2
0.0714
5.2
0.0715
5.2
0.0716
5.1
0.0717
5.1
0.0718
5.1
0.0719
5.1
0.072
5.1
0.0721
5
0.0722
5
0.0723
5
0.0724
5
0.0725
5
0.0726
4.9
0.0727
4.9
0.0728
4.9
0.0729
4.9
0.073
4.9
0.0731
4.9
0.0732
4.8
0.0733
4.8
0.0734
4.8
0.0735
4.8
0.0736
4.8
0.0737
4.7
0.0738
4.7
0.0739
4.7
0.074
4.7
0.0741
4.7
0.0742
4.7
0.0743
4.6
0.0744
4.6
0.0745
4.6
0.0746
4.6
0.0747
4.6
0.0748
4.6
0.0749
4.5
0.075
4.5
0.0751
4.5
0.0752
4.5
0.0753
4.5
0.0754
4.5
0.0755
4.4
0.0756
4.4
0.0757
4.4
0.0758
4.4
0.0759
4.4
0.076
4.4
0.0761
4.3
0.0762
4.3
0.0763
4.3
0.0764
4.3
0.0765
4.3
0.0766
4.3
0.0767
4.2
0.0768
4.2
0.0769
4.2
0.077
4.2
0.0771
4.2
0.0772
4.2
0.0773
4.2
0.0774
4.1
0.0775
4.1
0.0776
4.1
0.0777
4.1
0.0778
4.1
0.0779
4.1
0.078
4.1
0.0781
4
0.0782
4
0.0783
4
0.0784
4
0.0785
4
0.0786
4
0.0787
4
0.0788
3.9
0.0789
3.9
0.079
3.9
0.0791
3.9
0.0792
3.9
0.0793
3.9
0.0794
3.9
0.0795
3.8
0.0796
3.8
0.0797
3.8
0.0798
3.8
0.0799
3.8
0.08
3.8
0.0801
3.8
0.0802
3.8
0.0803
3.7
0.0804
3.7
0.0805
3.7
0.0806
3.7
0.0807
3.7
0.0808
3.7
0.0809
3.7
0.081
3.7
0.0811
3.6
0.0812
3.6
0.0813
3.6
0.0814
3.6
0.0815
3.6
0.0816
3.6
0.0817
3.6
0.0818
3.6
0.0819
3.5
0.082
3.5
0.0821
3.5
0.0822
3.5
0.0823
3.5
0.0824
3.5
0.0825
3.5
0.0826
3.5
0.0827
3.4
0.0828
3.4
0.0829
3.4
0.083
3.4
0.0831
3.4
0.0832
3.4
0.0833
3.4
0.0834
3.4
0.0835
3.4
0.0836
3.3
0.0837
3.3
0.0838
3.3
0.0839
3.3
0.084
3.3
0.0841
3.3
0.0842
3.3
0.0843
3.3
0.0844
3.3
0.0845
3.2
0.0846
3.2
0.0847
3.2
0.0848
3.2
0.0849
3.2
0.085
3.2
0.0851
3.2
0.0852
3.2
0.0853
3.2
0.0854
3.2
0.0855
3.1
0.0856
3.1
0.0857
3.1
0.0858
3.1
0.0859
3.1
0.086
3.1
0.0861
3.1
0.0862
3.1
0.0863
3.1
0.0864
3.1
0.0865
3
0.0866
3
0.0867
3
0.0868
3
0.0869
3
0.087
3
0.0871
3
0.0872
3
0.0873
3
0.0874
3
0.0875
2.9
0.0876
2.9
0.0877
2.9
0.0878
2.9
0.0879
2.9
0.088
2.9
0.0881
2.9
0.0882
2.9
0.0883
2.9
0.0884
2.9
0.0885
2.9
0.0886
2.8
0.0887
2.8
0.0888
2.8
0.0889
2.8
0.089
2.8
0.0891
2.8
0.0892
2.8
0.0893
2.8
0.0894
2.8
0.0895
2.8
0.0896
2.8
0.0897
2.7
0.0898
2.7
0.0899
2.7
0.09
2.7
0.0901
2.7
0.0902
2.7
0.0903
2.7
0.0904
2.7
0.0905
2.7
0.0906
2.7
0.0907
2.7
0.0908
2.7
0.0909
2.6
0.091
2.6
0.0911
2.6
0.0912
2.6
0.0913
2.6
0.0914
2.6
0.0915
2.6
0.0916
2.6
0.0917
2.6
0.0918
2.6
0.0919
2.6
0.092
2.6
0.0921
2.6
0.0922
2.5
0.0923
2.5
0.0924
2.5
0.0925
2.5
0.0926
2.5
0.0927
2.5
0.0928
2.5
0.0929
2.5
0.093
2.5
0.0931
2.5
0.0932
2.5
0.0933
2.5
0.0934
2.5
0.0935
2.4
0.0936
2.4
0.0937
2.4
0.0938
2.4
0.0939
2.4
0.094
2.4
0.0941
2.4
0.0942
2.4
0.0943
2.4
0.0944
2.4
0.0945
2.4
0.0946
2.4
0.0947
2.4
0.0948
2.4
0.0949
2.3
0.095
2.3
0.0951
2.3
0.0952
2.3
0.0953
2.3
0.0954
2.3
0.0955
2.3
0.0956
2.3
0.0957
2.3
0.0958
2.3
0.0959
2.3
0.096
2.3
0.0961
2.3
0.0962
2.3
0.0963
2.3
0.0964
2.2
0.0965
2.2
0.0966
2.2
0.0967
2.2
0.0968
2.2
0.0969
2.2
0.097
2.2
0.0971
2.2
0.0972
2.2
0.0973
2.2
0.0974
2.2
0.0975
2.2
0.0976
2.2
0.0977
2.2
0.0978
2.2
0.0979
2.2
0.098
2.1
0.0981
2.1
0.0982
2.1
0.0983
2.1
0.0984
2.1
0.0985
2.1
0.0986
2.1
0.0987
2.1
0.0988
2.1
0.0989
2.1
0.099
2.1
0.0991
2.1
0.0992
2.1
0.0993
2.1
0.0994
2.1
0.0995
2.1
0.0996
2
0.0997
2
0.0998
2
0.0999
2
0.1
2
